B-51 Observable Scoring — v7 T4-verified cluster (37 entries)
==============================================================================================================
Rank  Entry           v7    v6    T4    tri   gen   vll   tad   dm    pdec  nu    gu    susy  tau        SM  GUT  nell  yh
--------------------------------------------------------------------------------------------------------------
   1  h27/P9192         89    87    10     0    15     5    15    15     4    10    10     5        150   1    1     0      3261
   2  h27/P45013        83    85    10     0    15     5    15    10    10    10     5     3        600   1    1     3      1090
   3  h26/P30513        83    80    10     0    15     5    15    10    10    10     5     3       1400   1    1     4      1760
   4  h25/P38242        82    80    10     0    15     5    15    10     7     7    10     3       2755   1    1     1       520
   5  h29/P8423         80    87    10     5    15     5    15     0    10    10    10     0   -8266775   1    1     4      2284
   6  h25/P18950        80    80    10     0    15     5    15    10    10     7     5     3        800   1    1     3       622
   7  h28/P1937         78    80    10     0    15     5    15     5    10     7    10     1      20000   1    1     4       617
   8  h25/P860          76    81    10     3    15     3    15     0    10    10    10     0    -591220   1    1     3      1187
   9  h26/P11670        75    89    10     0    15     5    15     0    10    10    10     0   -1996337   1    1     4      2390
  10  h25/P46481        75    85    10     0    15     5    15     0    10    10    10     0    -439945   1    1     3      4893
  11  h24/P45873        75    85    10     0    15     5    15     0    10    10    10     0   -2284698   1    1     1      1222
  12  h27/P9133         72    85    10     0    15     5    15     0     7    10    10     0    -522450   1    1     1      1553
  13  h28/P6642         72    85    10     0    15     5    15     0     7    10    10     0    -694262   1    1     1      3811
  14  h29/P13253        72    83    10     0    15     5    15     0     7    10    10     0   -5556154   1    1     1      1020
  15  h28/P5473         72    82    10     0    15     5    15     0    10     7    10     0   -1348850   1    1     3       562
  16  h27/P39352        72    81    10     0    15     5    15     0     7    10    10     0     -34203   1    1     1      1822
  17  h25/P7867         72    81    10     0    15     5    15     0    10     7    10     0   -3685771   1    1     3       513
  18  h26/P315          72    80    10     0    15     5    15     0     7    10    10     0    -276131   1    1     1      1506
  19  h26/P11871        72    80    10     0    15     5    15     0    10     7    10     0     -68500   1    1     6       519
  20  h27/P27537        69    81    10     0    15     5    15     0     7     7    10     0   -7057459   1    1     1       936
  21  h24/P44004        69    80    10     0    15     5    15     0     7     7    10     0     -18048   1    1     1       619
  22  h27/P28704        69    80    10     0    15     5    15     0     7     7    10     0    -181538   1    1     1       509
  23  h24/P868          67    87    10     0    15     5    15     0     7    10     5     0    -279014   1    1     1      1220
  24  h22/P682          67    85    10     0    15     5    15     0     7    10     5     0   -1138814   1    1     1      1464
  25  h27/P2317         67    82    10     0    15     5    15     0    10     7     5     0    -417865   1    1     3       700
  26  h27/P26021        67    80    10     0    15     5    15     0     7    10     5     0    -122698   1    1     1      1688
  27  h29/P6575         67    80    10     1    15     5    15     0     4     7    10     0    -170250   1    1     0       786
  28  h27/P4102         64    87    10     0    15     5    15     0     4    10     5     0    -449249   1    1     0      3261
  29  h28/P33562        64    80    10     0    15     5    15     0     4    10     5     0     -48028   1    1     0      1135
  30  h25/P8995         64    80    10     0    15     5    15     0     7     7     5     0   -3659271   1    1     1       681
  31  h29/P6577         62    80    10     1    15     5    15     0     4     7     5     0    -302026   1    1     0       785
  32  h25/P5449         61    80    10     0    15     5    15     0     4     7     5     0   -8167377   1    1     0       841
  33  h24/P272          45    80    10     0     0     0    15    15     0     0     0     5        200   0    0     1       791
  34  h28/P718          38    82    10     0     0     0    15    10     0     0     0     3       1750   0    0     0       559
  35  h28/P33           25    82    10     0     0     0    15     0     0     0     0     0   -8170232   0    0     0       689
  36  h23/P36           25    81    10     0     0     0    15     0     0     0     0     0  -42806980   0    0     4      1013
  37  h21/P9085         25    80    10     0     0     0    15     0     0     0     0     0   -2080811   0    0     4       108

Score max:             10     5    15     5    15    15    10    10    10     5  (total /100)

Range: 25–89 pts  |  Median: 72 pts

Top 5 entries:
  h27/P9192       v7= 89  v6= 87  SM=1  GUT=1  nell=0  nk3=1  tau=150  yh=3261  gauge=su(8) or e7 × su(9) or e8 × su(7) × U(1)^1
  h27/P45013      v7= 83  v6= 85  SM=1  GUT=1  nell=3  nk3=3  tau=600  yh=1090  gauge=su(3) × su(6) × su(2) × su(10) × su(10)
  h26/P30513      v7= 83  v6= 80  SM=1  GUT=1  nell=4  nk3=4  tau=1400  yh=1760  gauge=su(4) × su(2) × su(3) × su(7) × su(12)
  h25/P38242      v7= 82  v6= 80  SM=1  GUT=1  nell=1  nk3=2  tau=2755  yh=520  gauge=su(2) × su(3) × su(6) × su(4) × su(7) × su(8)
  h29/P8423       v7= 80  v6= 87  SM=1  GUT=1  nell=4  nk3=4  tau=non-physical  yh=2284  gauge=su(8) or e7 × su(10) × su(13)
