Champion Monad LP Scan — h26/P11670
Run at: 2026-03-07T02:58:14.326289+00:00 UTC
SU(4), k_max=3, χ_target=±3
n_starts=20 (LP optimization per candidate)
h11_eff=28, configs=[(5, 1), (6, 2), (7, 3)]
Sampled=5,989,706, slope-feasible=612, tadpole_ok=0

  [  1] config=(5,1) χ=-3 margin=-3.9348 vol=4.958 tadpole=fail n_D3≈66.0
        B=[[-1, -1, 1, 1, -3, -2, -1, 0, 0, 1, 0, 1, 3, 0, 2, 1, -3, 1, -3, -1, 1, 0, -1, -1, 1, -2, 3, 0], [-1, 3, 3, 0, -1, 2, -2, -2, -1, 2, 2, 1, -3, -1, -3, -1, -1, 2, -3, -1, -3, 2, -3, -1, 1, 0, 2, -2], [-3, -1, -3, -3, 0, 3, -1, -2, 0, -2, -3, -2, -2, 1, 0, 3, 1, -2, 3, -1, -3, 1, 3, -2, 0, 2, -1, -3], [-1, 1, 3, -1, 2, -2, -1, -1, 1, -1, -1, -1, 2, -2, 2, -1, 2, 2, -1, 2, 2, 1, 1, 1, 3, 0, 1, 1], [6, -5, -5, 4, 1, 1, 4, 7, -3, 2, 4, -2, -2, 1, 1, -2, 2, 0, 4, -2, 1, -1, -3, 6, -8, 1, -2, 4]]
        C=[[0, -3, -1, 1, -1, 2, -1, 2, -3, 2, 2, -3, -2, -1, 2, 0, 1, 3, 0, -3, -2, 3, -3, 3, -3, 1, 3, 0]]
  [  2] config=(5,1) χ=-3 margin=-1.3814 vol=0.087 tadpole=fail n_D3≈66.0
        B=[[1, 3, -1, 2, 0, 1, 1, -2, 3, 1, 3, 1, -1, -1, 3, 0, 2, -2, -2, 2, -3, -2, 3, -3, 0, 0, 1, -1], [-1, 2, -2, 1, -1, 3, -1, 2, 1, 1, -1, -3, -1, 3, 0, 0, 2, 0, 1, -1, -3, 2, 2, -1, 2, 1, 3, 3], [-3, -3, 0, -3, 2, 2, 3, 2, -2, -1, 1, 1, -3, 3, 3, -3, 2, -3, 3, 1, 3, 2, 3, -1, 2, 2, -3, 3], [1, -3, -3, 1, -3, 1, -2, 1, -2, -3, -2, 2, 0, -1, 0, 2, -3, -2, -3, -2, 0, 1, 0, 1, -1, -2, -1, -2], [2, 3, 6, -2, 1, -7, -2, -1, -2, 0, -1, -3, 6, -3, -6, -2, -6, 5, 4, -3, 1, -3, -7, 4, -6, 1, -2, 0]]
        C=[[0, 2, 0, -1, -1, 0, -1, 2, -2, -2, 0, -2, 1, 1, 0, -3, -3, -2, 3, -3, -2, 0, 1, 0, -3, 2, -2, 3]]
  [  3] config=(5,1) χ=-3 margin=-2.4340 vol=3.954 tadpole=fail n_D3≈66.0
        B=[[-1, -3, 2, 3, -2, -3, -1, -2, 3, 1, 3, -3, 1, -2, -3, 3, 2, 1, 1, 2, 3, 3, 3, -1, 2, -2, 3, 1], [0, 1, 3, 2, 0, -1, 2, -1, 3, -2, 1, 3, 1, -2, -2, -2, 2, 2, 2, -1, -3, 0, 2, -3, 3, 0, -1, 1], [2, 1, -2, 0, 0, 3, 3, -2, -3, 3, 3, 1, 3, 2, -1, 0, 2, -2, -3, 0, -2, 2, 1, -3, -2, 2, 1, 1], [-3, 0, 1, 3, 0, 3, -2, -2, 2, 1, 1, -3, 2, -1, 2, 1, 2, -3, 2, 2, -3, -3, 2, 1, -3, -1, 1, 3], [0, 4, -6, -10, 2, -1, 1, 7, -7, -3, -11, 5, -8, 2, 1, -4, -6, 3, -3, -1, 8, -2, -10, 8, 3, 0, -5, -8]]
        C=[[-2, 3, -2, -2, 0, 1, 3, 0, -2, 0, -3, 3, -1, -1, -3, -2, 2, 1, -1, 2, 3, 0, -2, 2, 3, -1, -1, -2]]
  [  4] config=(5,1) χ=-3 margin=-7.1228 vol=0.957 tadpole=fail n_D3≈66.0
        B=[[1, 2, 2, 2, -1, -2, 0, -1, -2, 3, 3, 0, 1, -2, 2, 3, -3, -3, 2, -1, -3, -3, -2, -2, 3, -1, -1, -3], [0, -2, 3, -1, 0, -1, 0, 0, 0, -1, -1, -1, 1, 1, 0, -2, -1, -3, -2, 0, 3, -1, 3, 2, -2, 0, 1, 2], [-2, 3, 1, 1, 2, 2, 0, -3, 2, 0, 3, -3, -2, 1, -2, 0, -1, 0, 1, 1, 1, 2, -3, -1, 3, 3, 3, 1], [3, -1, -1, -3, 3, 1, 1, -3, 3, 0, -1, -2, 1, 3, -3, 3, -1, 1, 3, -1, 2, 3, -3, -1, 2, 2, 2, 0], [1, 0, -3, 1, -7, 3, 2, 4, -5, 1, -7, 4, -1, -5, 4, -6, 9, 3, -6, 3, -1, 0, 2, 1, -4, -4, -2, -3]]
        C=[[3, 2, 2, 0, -3, 3, 3, -3, -2, 3, -3, -2, 0, -2, 1, -2, 3, -2, -2, 2, 2, 1, -3, -1, 2, 0, 3, -3]]
  [  5] config=(5,1) χ=+3 margin=-2.8804 vol=-0.498 tadpole=fail n_D3≈66.0
        B=[[0, 2, 1, -1, -3, -2, 2, -2, 3, -3, -3, 2, 1, 0, 3, 1, -3, 2, 0, 0, -2, 0, -3, 0, 2, 3, 1, -1], [1, -2, -1, 3, -2, -1, 1, -3, 2, 0, -3, -2, 3, -2, 2, 3, -2, -1, 2, -1, 1, -3, 3, -2, -1, 0, 0, -3], [-1, 0, 3, -2, 0, 3, 0, -1, 3, -3, 1, 0, 3, 0, -1, -3, -1, -3, -1, 2, 3, -3, 1, -3, 1, 0, 3, -3], [-2, -2, -1, -3, 2, 2, -3, 0, 1, 1, 3, -2, 2, 1, 0, 0, 2, -3, -3, 3, -3, -1, -1, -2, 2, 0, -3, -2], [3, 2, -1, 2, 0, -1, -1, 7, -11, 3, 4, 1, -7, 2, -3, -3, 7, 2, 0, -7, -1, 9, -2, 5, -7, -5, -4, 6]]
        C=[[1, 0, 1, -1, -3, 1, -1, 1, -2, -2, 2, -1, 2, 1, 1, -2, 3, -3, -2, -3, -2, 2, -2, -2, -3, -2, -3, -3]]
  [  6] config=(5,1) χ=+3 margin=-4.8647 vol=1.205 tadpole=fail n_D3≈66.0
        B=[[0, 1, 3, 1, 2, -1, 2, 3, -3, 2, 1, 0, -2, -1, 0, 3, 0, 2, 1, 2, 2, 0, 0, -2, -1, 0, 3, 2], [1, -1, 3, 3, -1, -3, -1, 3, -3, -3, 1, 0, -3, 1, 0, 2, 2, -2, 2, 3, 2, 3, -3, 1, 1, -3, -1, 2], [2, -3, 2, -3, -3, 2, 0, 2, -3, 3, 3, 3, -2, 2, -3, -1, 1, -1, 3, -2, 2, -1, -1, 3, -1, 0, -2, 3], [-3, -3, -3, 2, 3, -2, -2, 1, 1, -2, 2, -3, 1, 0, -1, -1, 1, 3, 2, -1, 1, -1, 3, 3, -2, 2, 2, -1], [-3, 9, -3, -4, 1, 1, 4, -10, 9, 3, -8, -3, 6, -3, 3, -5, -6, 0, -7, 0, -10, -2, 3, -2, 1, -1, -3, -8]]
        C=[[-3, 3, 2, -1, 2, -3, 3, -1, 1, 3, -1, -3, 0, -1, -1, -2, -2, 2, 1, 2, -3, -1, 2, 3, -2, -2, -1, -2]]
  [  7] config=(5,1) χ=+3 margin=-1.4944 vol=0.391 tadpole=fail n_D3≈66.0
        B=[[-1, 0, 1, -2, -2, -1, 2, 0, -3, -1, 3, 3, -1, 3, 1, -1, 1, -1, -2, 1, -3, 2, -2, -3, -3, 0, 2, -1], [0, -3, 3, -3, -2, 1, 2, 1, -3, -2, -2, -2, 2, -2, -1, 2, 0, 2, 1, 2, -2, 0, 2, -1, -3, -3, 3, 2], [1, -2, -1, -2, 1, 0, 3, 1, -2, -2, 0, 0, -3, 0, 0, 0, 0, 2, -1, 1, 2, 1, -2, -1, 3, -1, 0, 2], [-1, 0, 3, 3, 1, 0, 2, 3, -1, 3, 2, -3, 0, 0, 1, 1, -3, -2, -2, -3, -2, 3, 3, 1, 1, -3, -3, 1], [3, 8, -6, 4, 3, 1, -8, -7, 7, 1, -3, 3, -1, -3, -1, -1, 2, -3, 6, -1, 7, -5, 2, 2, 0, 7, -1, -4]]
        C=[[2, 3, 0, 0, 1, 1, 1, -2, -2, -1, 0, 1, -3, -2, 0, 1, 0, -2, 2, 0, 2, 1, 3, -2, -2, 0, 1, 0]]
  [  8] config=(5,1) χ=-3 margin=-7.0177 vol=1.004 tadpole=fail n_D3≈66.0
        B=[[2, 1, 1, -2, 0, -3, 3, -3, -2, -1, 3, 3, 1, -2, 2, -3, -1, -3, 0, -1, -3, 1, 1, 1, 3, 1, 3, 3], [-1, 3, 2, 2, 3, 0, -2, -3, 1, 1, 3, 0, -3, -3, -2, -1, 2, -2, 1, -3, -2, -3, -3, 1, 1, 1, -3, 2], [-1, 3, -2, -3, -2, 3, -2, -1, -3, 3, -3, 3, -2, -2, 2, -2, 0, 2, 3, -2, -3, -3, 2, 1, 0, 1, -3, 2], [-3, -3, 1, 1, -1, -3, 1, -1, -1, -2, 3, 1, 1, 2, -3, 3, 1, -2, -3, 2, 0, -2, 3, 2, -2, 2, -1, 3], [3, -4, -2, 4, 0, 0, -2, 10, 6, -1, -8, -9, 1, 2, 4, 5, -1, 2, -1, 4, 7, 10, -5, -3, 1, -3, 3, -11]]
        C=[[0, 0, 0, 2, 0, -3, -2, 2, 1, 0, -2, -2, -2, -3, 3, 2, 1, -3, 0, 0, -1, 3, -2, 2, 3, 2, -1, -1]]
  [  9] config=(5,1) χ=+3 margin=-2.1829 vol=0.024 tadpole=fail n_D3≈66.0
        B=[[2, 0, -3, 1, 0, 3, 0, 1, 0, -3, -2, 2, -2, -2, 3, -2, -3, 0, -2, -2, 3, 1, -1, 1, 2, -2, -3, 0], [-1, 3, -2, 1, 3, 3, -3, 1, 3, -2, -3, -3, 0, -1, -2, 3, 3, -2, -1, -2, -2, 3, 3, -3, 1, 0, -1, -2], [1, -1, -1, -2, 2, 2, -2, 1, -1, -2, -2, -3, 3, 2, 1, -1, -3, -3, -3, 2, -1, 0, 2, 1, -3, 1, -3, 2], [0, 3, 0, -2, -2, 2, 0, -2, 3, -2, 3, 1, 0, -1, 3, 3, -1, -3, -3, -3, 2, 1, -2, -3, 1, 2, 2, 0], [0, -6, 5, 0, -4, -11, 5, 1, -8, 11, 4, 5, -1, 5, -3, -4, 5, 5, 7, 8, 1, -8, 1, 6, 0, 0, 6, 2]]
        C=[[2, -1, -1, -2, -1, -1, 0, 2, -3, 2, 0, 2, 0, 3, 2, -1, 1, -3, -2, 3, 3, -3, 3, 2, 1, 1, 1, 2]]
  [ 10] config=(5,1) χ=+3 margin=-4528.5825 vol=515533.852 tadpole=fail n_D3≈66.0
        B=[[3, 1, 1, 3, -2, -3, 3, -1, 0, 1, 1, 1, -1, 1, -1, -1, 1, 3, -3, 1, -3, -1, -3, 1, -1, 3, 2, 1], [-3, 2, -3, 2, -3, 0, -1, 2, 1, 3, 3, 1, 2, -1, 0, 1, -2, -2, 2, -1, -3, -1, 0, -2, -1, 1, 0, 1], [-3, -2, 0, -1, 0, 2, 3, 1, 2, -3, 2, 2, 3, 0, 3, -2, 0, 1, 2, 2, -1, -2, -2, -1, -3, 0, 2, 1], [-1, -2, 3, 0, -2, 1, 3, 2, 2, 3, 3, -3, -1, 2, -1, 1, 2, -3, -3, 2, 2, 3, 3, 2, 0, 2, 3, 2], [5, 1, 2, -1, 6, 1, -5, -6, -3, -1, -9, -2, -4, 1, 1, 2, 1, -2, 3, -1, 8, 4, 5, 0, 6, -4, -9, -8]]
        C=[[1, 0, 3, 3, -1, 1, 3, -2, 2, 3, 0, -1, -1, 3, 2, 1, 2, -3, 1, 3, 3, 3, 3, 0, 1, 2, -2, -3]]
  [ 11] config=(5,1) χ=+3 margin=-2.0400 vol=1.787 tadpole=fail n_D3≈66.0
        B=[[3, -3, -1, -3, 0, -1, -3, 1, -2, -3, 2, 1, -3, 3, 0, 3, 2, -3, -2, 2, -1, -1, 0, -3, 3, -1, 0, 1], [1, 2, 1, 2, 1, 0, 3, 3, 0, 2, 1, 2, -2, -3, 2, -1, 1, 2, -1, 2, 2, 1, -2, 1, -3, 3, -1, 2], [2, -3, 1, 1, -2, -3, 0, 2, 2, -2, -3, 0, -2, 3, 1, 3, 3, 1, -1, -1, -3, 0, 1, -3, -3, -3, 1, -2], [-1, -2, 3, -1, -3, -2, -2, -3, 0, 0, 0, -3, 0, 3, 3, -3, 1, 0, -2, 3, 0, 1, -3, 1, -2, 3, -3, 3], [-7, 7, -2, 3, 6, 6, -1, -2, 0, 1, -2, 3, 8, -5, -5, 1, -9, -1, 9, -8, -1, 1, 3, 4, 2, -4, 3, -4]]
        C=[[-2, 1, 2, 2, 2, 0, -3, 1, 0, -2, -2, 3, 1, 1, 1, 3, -2, -1, 3, -2, -3, 2, -1, 0, -3, -2, 0, 0]]
  [ 12] config=(5,1) χ=-3 margin=-0.2265 vol=0.218 tadpole=fail n_D3≈66.0
        B=[[0, 3, -1, -1, 0, -2, 0, -2, 0, 3, 0, -2, 1, 1, -2, -3, -2, -2, 0, -3, -3, 2, -1, 1, 2, -2, 0, -2], [0, 0, -3, -2, -1, 3, 2, -3, -1, 2, 3, -1, -2, -3, -2, 0, 3, 0, 2, 2, -3, -2, 2, -1, -3, 2, -2, -3], [2, 3, -3, 2, 3, 0, -1, 0, -1, 3, 2, 0, 0, -3, -2, -2, 2, -3, -3, 2, -1, 0, -2, 0, 1, 2, -2, -2], [2, 2, -1, -3, -1, -2, 3, -1, 3, 3, 0, -1, -2, -3, 2, 2, -1, 1, -2, 2, 0, 1, -2, 3, -3, -2, 2, -3], [-3, -11, 10, 1, -3, 0, -6, 4, -3, -9, -5, 1, 5, 8, 3, 0, 0, 1, 5, -6, 5, 2, 2, -6, 3, -2, 5, 9]]
        C=[[1, -3, 2, -3, -2, -1, -2, -2, -2, 2, 0, -3, 2, 0, -1, -3, 2, -3, 2, -3, -2, 3, -1, -3, 0, -2, 3, -1]]
  [ 13] config=(5,1) χ=+3 margin=-0.0151 vol=0.254 tadpole=fail n_D3≈66.0
        B=[[-3, 2, 3, 3, 2, -1, -2, 3, 1, 3, 1, -3, -1, 0, -1, 2, -1, 2, -3, 0, -1, 2, -1, 2, 0, 0, 1, -1], [0, 1, 2, 2, 2, 1, 2, 3, 3, 3, 2, 3, -1, 2, 0, 1, -1, -1, 0, 3, -3, -2, 2, -1, 3, 0, -3, -2], [-3, -3, -1, 1, 2, -1, 2, 3, 2, 0, -1, 2, 3, -2, 0, 1, -2, -3, 3, -1, -1, -2, -1, -3, 3, -2, 3, 3], [-1, 2, 1, 3, -1, 2, -2, 2, -3, -1, -1, 0, 0, -2, 1, 0, 0, 2, 3, -3, -2, -2, 2, 3, -3, 0, 1, -2], [9, -1, -8, -12, -2, -1, -2, -11, -3, -8, -4, -3, -2, 3, -3, -3, 7, -3, -2, 3, 7, 6, -1, 1, -5, 1, -1, 4]]
        C=[[2, 1, -3, -3, 3, 0, -2, 0, 0, -3, -3, -1, -1, 1, -3, 1, 3, -3, 1, 2, 0, 2, 1, 2, -2, -1, 1, 2]]
  [ 14] config=(5,1) χ=-3 margin=-14219592.1929 vol=112046780462.744 tadpole=fail n_D3≈66.0
        B=[[1, -2, -1, 3, 1, -1, -2, 1, 2, 0, 2, -2, -3, -1, 2, 3, -1, 0, -2, 3, -2, 1, -2, 0, -1, 1, 2, 0], [3, -3, -3, -2, 2, 2, 3, -2, 0, -3, 1, -2, 2, 2, 0, -3, 3, 3, -1, -2, -2, 2, -3, 2, 3, -2, 0, -2], [-1, 0, -1, 1, -1, 3, 1, -3, -2, -3, -3, 2, 3, 3, -2, 3, 0, -1, 3, 3, -3, -2, -3, -1, 1, 2, 3, 2], [1, -3, 2, -2, 1, 3, 0, 0, 1, -1, 2, -1, -3, -3, -2, 0, 2, -2, -2, -3, 1, 0, 1, 3, -1, 1, 0, 1], [-7, 10, 0, 3, -5, -4, -5, 3, 1, 4, 1, 4, -2, -1, -1, -2, -3, 0, 3, 0, 3, 2, 9, -4, -4, -5, -7, -1]]
        C=[[-3, 2, -3, 3, -2, 3, -3, -1, 2, -3, 3, 1, -3, 0, -3, 1, 1, 0, 1, 1, -3, 3, 2, 0, -2, -3, -2, 0]]
  [ 15] config=(5,1) χ=-3 margin=-0.0877 vol=-0.013 tadpole=fail n_D3≈66.0
        B=[[1, -2, -1, 1, -1, 3, 0, 3, -2, -2, 0, -2, 0, 3, -2, 3, -3, 3, 2, -3, 2, 2, -1, 2, 1, -2, 1, 1], [3, 3, 3, 0, -3, 3, 3, -1, 3, 2, 3, -1, 0, 1, -1, 1, 1, 0, 3, 2, 1, 3, -1, -3, -2, 3, 0, 0], [3, 0, -3, 2, -3, -2, -2, 0, 2, -1, 3, 1, -3, 3, -1, -3, 1, 2, 0, 1, 2, -2, -3, -3, 0, 1, 2, 0], [2, -3, 0, 0, -2, -3, 1, 2, 2, -3, -3, -3, 1, 1, 1, -2, 1, 0, 3, 2, -1, -2, 1, 0, -1, 0, -2, -1], [-11, 1, 0, -4, 10, -2, -3, -3, -6, 4, -2, 4, 0, -11, 1, 0, 1, -4, -6, -4, -5, -1, 1, 7, 0, 0, 0, 2]]
        C=[[-2, -1, -1, -1, 1, -1, -1, 1, -1, 0, 1, -1, -2, -3, -2, -1, 1, 1, 2, -2, -1, 0, -3, 3, -2, 2, 1, 2]]
  [ 16] config=(5,1) χ=+3 margin=-8.6500 vol=2.739 tadpole=fail n_D3≈66.0
        B=[[-2, 2, -2, 3, 0, 3, 0, 0, -2, -1, 2, 3, -2, 3, 1, 0, 3, -2, 1, -1, 0, 2, 2, 3, 2, 0, 3, 0], [3, 3, -3, 3, 1, 1, -2, -1, 2, -3, -1, -3, 1, 2, 2, 0, -1, -2, 1, 2, 1, 3, 1, 1, -1, 1, -1, 3], [2, 0, -2, 1, 2, -2, -2, 2, 3, 3, -2, -3, 2, 1, -1, 3, 1, -3, 0, 1, -2, -2, 2, 3, -1, 0, 0, -3], [-1, 1, 1, -3, 0, 3, 3, -3, -1, -2, 1, 1, 0, 2, -3, -3, -1, -3, 1, 1, 1, -2, 0, 0, -2, -2, -3, 2], [-5, -6, 9, -7, -3, -3, -1, 1, -2, 3, -3, 3, -3, -9, 4, -2, 1, 8, -5, -6, -2, -4, -2, -9, 5, 1, 2, -2]]
        C=[[-3, 0, 3, -3, 0, 2, -2, -1, 0, 0, -3, 1, -2, -1, 3, -2, 3, -2, -2, -3, -2, -3, 3, -2, 3, 0, 1, 0]]
  [ 17] config=(5,1) χ=+3 margin=-17.8130 vol=7.449 tadpole=fail n_D3≈66.0
        B=[[3, 2, 0, -3, 1, -2, 2, 3, -1, -2, 3, 2, 1, 2, 1, 3, 0, 1, -3, -1, 3, 3, -3, 1, 3, 3, -1, -3], [2, 0, 0, 2, -1, -1, 3, -3, 2, 0, 1, 3, 2, 0, -3, 1, -1, 2, -3, 3, 1, 3, -2, 0, 1, -1, -2, 1], [2, 0, 2, 3, -2, -1, -1, 2, -2, -3, -1, 2, -2, 1, 1, -2, -1, -3, -1, 1, -3, -2, -3, 1, 2, 1, 0, -1], [3, 3, -1, -3, -3, 1, 2, -2, -1, -1, 0, 0, -3, 3, 3, -2, -3, -2, 2, -3, 2, 3, 1, 1, 0, 0, -1, 1], [-13, -8, 0, 3, 2, 2, -6, -1, 5, 4, -2, -8, 4, -6, -1, -1, 4, 4, 8, 2, -3, -5, 7, -1, -9, 0, 6, 1]]
        C=[[-3, -3, 1, 2, -3, -1, 0, -1, 3, -2, 1, -1, 2, 0, 1, -1, -1, 2, 3, 2, 0, 2, 0, 2, -3, 3, 2, -1]]
  [ 18] config=(5,1) χ=-3 margin=-0.1860 vol=-0.038 tadpole=fail n_D3≈66.0
        B=[[0, -2, 3, -3, -1, 1, 3, 1, 1, 3, -1, -1, 3, -1, 2, -3, -1, -1, 1, 0, 2, -1, 1, -1, -3, -1, -2, 3], [2, -2, 1, -1, -2, 2, 3, -3, 3, -1, -2, -3, 0, -1, -3, 2, -2, 0, 1, 2, 2, 3, -3, -3, -2, 1, -1, -3], [2, 0, -2, -1, -3, 2, -2, 2, 2, 3, 1, 0, 0, 0, -1, 3, 0, 3, 1, -3, 0, -1, 2, -2, -1, -3, 2, -3], [-1, -1, -1, -1, 2, 1, 0, -1, 0, -1, -1, -1, -2, 2, 0, 3, -2, 2, -2, 1, -1, 0, -1, 1, 0, 3, -3, -3], [-6, 5, 2, 6, 6, -9, -6, 3, -3, -7, 4, 5, -1, 3, -1, -7, 3, -5, 1, 2, 0, 1, 3, 2, 5, 0, 6, 6]]
        C=[[-3, 0, 3, 0, 2, -3, -2, 2, 3, -3, 1, 0, 0, 3, -3, -2, -2, -1, 2, 2, 3, 2, 2, -3, -1, 0, 2, 0]]
  [ 19] config=(5,1) χ=+3 margin=-8345702136491962007552.0000 vol=-2934556220520932112736013783138304.000 tadpole=fail n_D3≈66.0
        B=[[3, 1, 2, 2, 1, 1, -3, 2, 3, 3, -3, -2, 0, -2, 2, 3, -2, 1, 2, -1, -3, 0, 3, -1, -2, -1, -1, -2], [-2, -3, 1, 3, 1, 0, -2, 0, 1, -1, -1, -3, -2, 0, 2, -3, -1, -2, -2, 1, -1, -2, 3, 3, 1, -2, -2, -2], [-2, -2, 0, 1, 2, -2, 1, -1, -1, -3, -2, -3, 3, 2, 0, -3, -2, 0, 0, -1, -1, 1, 0, 2, -3, -1, -2, 1], [-2, 0, 0, -3, 3, 0, 3, -1, -2, 0, 3, -2, 3, 3, -3, 2, 1, 1, 0, 3, -2, 3, 0, -1, 3, -2, 1, 1], [3, 3, -2, -6, -10, -2, -1, -2, 1, 0, 6, 7, -7, -6, -3, 1, 3, -1, 1, -1, 8, 0, -9, 0, 3, 4, 4, 2]]
        C=[[0, -1, 1, -3, -3, -3, -2, -2, 2, -1, 3, -3, -3, -3, -2, 0, -1, -1, 1, 1, 1, 2, -3, 3, 2, -2, 0, 0]]
  [ 20] config=(5,1) χ=+3 margin=-0.2503 vol=-0.048 tadpole=fail n_D3≈66.0
        B=[[-3, 0, -2, -1, -1, 3, 1, -1, -2, 1, -3, 0, 1, 2, -1, -3, 1, 1, -2, 2, -2, 0, 1, 0, -1, 3, -1, 2], [-2, 2, -2, 2, 1, 3, -2, 2, -3, 0, -1, 3, -2, 1, 0, 0, -3, 1, -1, -3, -3, 1, 1, 0, -2, -3, 2, 1], [-2, -1, 2, 3, 0, 1, -1, -3, 2, 0, 3, 1, 3, 3, -3, -3, 0, -2, 3, 1, 2, 2, -1, 1, -1, 2, 0, 1], [0, 3, 2, -1, 3, 0, 0, -3, 3, -2, 2, 3, 3, -2, 1, 0, 1, -2, -3, -3, 3, 1, 1, -3, -3, 0, 2, 0], [10, -2, -2, -3, -4, -4, 5, 5, -3, 2, -1, -4, -6, -5, 3, 5, 3, -1, 3, 2, -1, -7, -5, 2, 9, -4, -4, -3]]
        C=[[3, 2, -2, 0, -1, 3, 3, 0, -3, 1, 0, 3, -1, -1, 0, -1, 2, -3, 0, -1, -1, -3, -3, 0, 2, -2, -1, 1]]
  [ 21] config=(5,1) χ=+3 margin=-2.9894 vol=2.724 tadpole=fail n_D3≈66.0
        B=[[3, -2, -2, 2, 0, -2, -3, -2, -3, 1, 1, 3, 0, 1, -1, -1, 0, 2, -3, -3, 2, 0, 2, 0, 1, 3, -3, 3], [-1, -1, -2, 0, 2, -1, 3, 1, -1, -2, -1, -3, -2, 3, 2, 0, -2, 1, 1, 1, 0, 0, 2, 0, -3, -2, 3, 2], [0, 3, -2, 0, -1, 1, 0, -2, -1, 1, -3, 0, 1, -1, -3, 3, -1, 0, -3, -2, 1, -1, -2, 3, 1, -3, -3, -2], [3, 0, 0, -1, 0, 1, 0, 1, -1, 2, -3, 0, 3, 1, -1, -3, 3, -3, -2, 3, -3, 0, 1, 2, 2, -2, -1, 3], [-6, 1, 7, 1, -2, -2, 0, 0, 5, 0, 6, 1, -1, -7, 2, 4, 2, 3, 5, 0, 3, 4, -4, -3, -3, 1, 7, -5]]
        C=[[-1, 1, 1, 2, -1, -3, 0, -2, -1, 2, 0, 1, 1, -3, -1, 3, 2, 3, -2, -1, 3, 3, -1, 2, -2, -3, 3, 1]]
  [ 22] config=(5,1) χ=+3 margin=-4.2354 vol=-2.165 tadpole=fail n_D3≈66.0
        B=[[0, 3, 0, 0, 2, -3, 3, 2, 0, 1, 3, 2, -1, 0, -2, -1, 3, -3, -3, 2, 2, -1, -2, 2, 3, -3, 0, 1], [-1, -2, 2, 3, 2, 2, -3, 1, -3, 2, 0, -1, 3, -1, 1, -2, -3, -2, -2, -3, -1, 1, -1, -1, 1, 0, -2, 1], [-2, -3, -2, 1, 1, 0, -1, 2, 3, -2, -2, -2, 0, 3, -3, 3, 2, 0, 2, -3, 2, -1, 1, -3, -2, 1, 3, -3], [0, 0, -2, 1, 1, -3, 1, -2, -1, -2, -2, 1, 1, 0, -1, -1, -2, -2, -3, 3, -1, -2, 1, -1, -3, -2, -1, 1], [2, 1, 2, -4, -3, 1, -1, -3, 4, 1, 0, 1, 0, 1, 4, 2, 3, 8, 4, -2, 1, 5, 2, 4, 2, 1, -2, 1]]
        C=[[-1, -1, 0, 1, 3, -3, -1, 0, 3, 0, -1, 1, 3, 3, -1, 1, 3, 1, -2, -3, 3, 2, 1, 1, 1, -3, -2, 1]]
  [ 23] config=(5,1) χ=-3 margin=-3.4040 vol=1.724 tadpole=fail n_D3≈66.0
        B=[[3, 3, -2, 0, -2, -3, -1, -3, -1, -2, -3, -1, -2, 0, 3, -3, 2, 1, -2, -2, 0, 0, 0, -2, -1, 1, -2, -2], [2, -1, -3, -1, 3, -3, -1, 0, -2, -2, 0, -3, -2, 1, -2, 3, 1, -1, 2, -1, -1, 3, -3, 2, 1, -2, -1, 0], [2, 1, 1, -1, -1, -1, 2, -3, -3, 2, 2, 0, 3, 2, -3, -3, -1, -3, 0, -1, -2, 0, 2, 0, -1, 0, -2, -1], [-1, -1, 0, 1, -2, 0, 0, 2, -2, -1, -1, -3, -3, -1, 0, -3, -1, 3, -2, 3, -3, -3, 3, -1, 3, -2, 3, -1], [-4, 0, 5, 3, 0, 8, 1, 4, 6, 3, 2, 5, 7, -2, -1, 3, 1, 0, 1, -1, 5, -1, -1, 1, 1, 4, 4, 3]]
        C=[[2, 2, 1, 2, -2, 1, 1, 0, -2, 0, 0, -2, 3, 0, -3, -3, 2, 0, -1, -2, -1, -1, 1, 0, 3, 1, 2, -1]]
  [ 24] config=(5,1) χ=-3 margin=-4.0703 vol=0.859 tadpole=fail n_D3≈66.0
        B=[[-1, -2, -3, 1, -2, -3, 1, 0, -3, -1, 1, 3, 2, -1, -1, -1, 0, -1, 0, -3, -1, -1, 0, -3, 1, -1, -1, 2], [-1, 3, -1, 1, -2, -2, 1, 3, 3, 0, -1, -3, 0, 1, 3, -2, 2, 0, 3, 2, 2, 2, 2, 2, -1, -3, 0, 1], [-3, 1, 0, -2, 2, 2, -3, 2, -3, 1, 0, -3, 3, 2, 2, 2, -1, 2, -3, -2, -1, 0, -3, 1, -3, 1, -2, -3], [3, -2, -2, 3, 1, 1, -2, 0, 0, 0, 1, 1, 1, 2, -2, 1, 0, -1, 2, 1, 1, -2, 2, -3, -3, 2, 1, 2], [2, -1, 7, -4, 0, 2, 4, -3, 6, -3, 2, 2, -9, -4, -3, 1, -2, -2, 1, 4, -1, -1, -3, 4, 9, 4, -1, 1]]
        C=[[0, -1, 1, -1, -1, 0, 1, 2, 3, -3, 3, 0, -3, 0, -1, 1, -1, -2, 3, 2, 0, -2, -2, 1, 3, 3, -3, 3]]
  [ 25] config=(5,1) χ=-3 margin=-0.6210 vol=-0.601 tadpole=fail n_D3≈66.0
        B=[[2, -1, 1, 3, -1, 0, 1, 3, -3, 3, 2, -2, 0, 2, 3, 3, -1, 1, 1, 3, 1, 0, 1, 1, 3, 3, 3, 1], [-3, 2, -1, 2, -1, 1, -1, 0, 3, -2, -1, 3, 0, 1, 1, 0, -1, 2, 2, 2, 0, 3, 2, 0, 2, 1, -2, -2], [3, -1, -1, -3, 2, 3, 2, 2, -1, 1, -2, 0, 3, 2, 0, -2, -2, 0, -2, -1, 0, 0, -2, -3, 0, -2, -1, 0], [-1, 2, 3, -3, 0, 2, -1, 1, 2, 0, -1, 2, 3, -3, 3, 2, 1, 3, -1, 0, 1, -2, -2, -3, 3, 2, -3, -2], [2, -4, -5, 2, 2, -9, 2, -5, -3, -1, 0, -1, -7, -2, -8, -4, 5, -5, -2, -3, -5, 1, -2, 3, -5, -5, 1, 4]]
        C=[[3, -2, -3, 1, 2, -3, 3, 1, -2, 1, -2, 2, -1, 0, -1, -1, 2, 1, -2, 1, -3, 2, -3, -2, 3, -1, -2, 1]]
  [ 26] config=(5,1) χ=+3 margin=-0.1078 vol=-1.865 tadpole=fail n_D3≈66.0
        B=[[1, 0, 2, 1, 0, 1, -3, 2, -1, -3, 2, 1, -3, -2, 3, 1, 1, 3, -1, 0, -1, 2, 0, 2, -3, 2, 0, -2], [-1, -2, 1, 3, 1, 0, 3, -2, 3, 3, 0, 3, 3, 0, -2, -2, 0, 2, 2, -3, -3, 1, 3, 0, 3, 2, 0, -1], [1, 1, -1, -1, -3, -3, -2, -1, -1, 1, -1, -3, -1, -1, -3, -3, 1, 3, 0, 3, 1, 2, 2, 0, -1, 2, -1, -1], [2, -2, -2, -1, 0, 3, 0, 3, -3, 0, 0, -3, 1, 3, -3, 2, -1, -1, -3, -3, 1, -1, -2, -1, 0, -1, 3, -2], [0, 2, -2, 0, -1, -4, 0, -5, 2, -4, 2, 5, 0, 1, 6, 0, 2, -5, 1, 4, 4, -3, 0, -1, 1, -2, -4, 6]]
        C=[[3, -1, -2, 2, -3, -3, -2, -3, 0, -3, 3, 3, 0, 1, 1, -2, 3, 2, -1, 1, 2, 1, 3, 0, 0, 3, -2, 0]]
  [ 27] config=(5,1) χ=-3 margin=-1.8509 vol=0.242 tadpole=fail n_D3≈66.0
        B=[[-2, 0, 2, -1, -2, 1, -3, -2, 1, 0, -1, 0, -3, -2, 2, -1, 3, -3, -1, -2, -3, 3, -2, 0, -1, 3, 1, 0], [2, -2, 2, 1, -2, 3, 0, 0, -1, -3, 1, 2, 2, -1, 0, -1, 1, -1, 2, -1, 1, 2, 3, -3, 3, -3, 1, -1], [-3, 3, -2, 2, 0, 2, -2, -1, -2, -2, 2, 0, 1, 2, 1, 3, -1, 2, -2, 2, -2, 3, 1, 3, 0, -3, -3, 0], [1, 1, -3, 3, 0, 2, 1, -1, 3, 2, -3, -2, 3, 0, 1, -3, 0, 0, -1, -2, 1, -1, -3, 3, 1, -3, 0, -2], [3, -5, -1, -6, 2, -8, 6, 5, -1, 0, 2, -3, 0, -2, -4, 1, -5, 0, 4, 2, 5, -5, -1, 0, 0, 7, -1, 3]]
        C=[[1, -3, -2, -1, -2, 0, 2, 1, 0, -3, 1, -3, 3, -3, 0, -1, -2, -2, 2, -1, 2, 2, -2, 3, 3, 1, -2, 0]]
  [ 28] config=(5,1) χ=-3 margin=-0.3115 vol=0.711 tadpole=fail n_D3≈66.0
        B=[[0, 1, 3, 0, -1, -1, 0, -3, -3, 3, 1, 3, 1, -1, 2, 1, -2, -1, 3, -1, 1, -3, -2, 0, 1, -3, -1, 0], [-2, 3, 3, 1, 1, -1, -2, -2, -1, -1, -2, -1, -1, 3, -1, -3, 0, 2, 3, 0, 1, 2, 3, 1, 3, 2, 0, 2], [-1, -3, -3, -1, -3, 1, 1, -2, 1, -1, 3, 2, 0, -1, -3, 1, 3, -2, 0, -2, -1, -3, -3, 3, 0, -2, 1, -2], [2, 1, -1, 1, 3, 3, -2, 3, -2, 2, -2, -1, -1, -3, -2, -3, 1, 2, -2, -1, 0, 0, 1, -1, -2, 1, -1, -1], [1, -5, -1, -3, 3, 1, 4, 6, 4, -6, 0, -5, 2, -1, 2, 2, -5, 0, -4, 1, -2, 6, 2, 0, -1, 3, 3, 0]]
        C=[[0, -3, 1, -2, 3, 3, 1, 2, -1, -3, 0, -2, 1, -3, -2, -2, -3, 1, 0, -3, -1, 2, 1, 3, 1, 1, 2, -1]]
  [ 29] config=(5,1) χ=-3 margin=-2.0273 vol=2.409 tadpole=fail n_D3≈66.0
        B=[[-2, 2, -1, 0, -3, -2, 3, 2, -1, -1, -1, -3, -3, 0, 1, 0, -2, -2, 0, 2, 2, -2, 1, -3, 3, 0, -2, -3], [3, 3, -3, 0, 3, 2, -2, 3, 3, 3, 1, -1, 0, 3, 2, 3, -3, -2, -3, -2, -3, -1, 2, -1, 3, 3, 3, -1], [3, -2, -2, -2, -3, 0, -2, -1, 2, -2, 0, 0, 2, 0, 0, 3, 1, 0, 2, 2, 0, 3, 1, -1, -2, -1, 1, 2], [-1, 1, 1, 2, 0, 3, -2, 1, 0, 1, 1, 2, 3, 2, 3, 1, -3, 2, -3, -1, -2, 1, -1, -2, -2, -3, 3, 0], [0, -2, 5, -1, 2, -3, 2, -8, -1, -2, 1, 0, -2, -2, -7, -4, 10, 4, 5, -3, 6, -1, -1, 10, -1, -1, -8, 4]]
        C=[[3, 2, 0, -1, -1, 0, -1, -3, 3, -1, 2, -2, 0, 3, -1, 3, 3, 2, 1, -2, 3, 0, 2, 3, 1, -2, -3, 2]]
  [ 30] config=(5,1) χ=+3 margin=-4.7066 vol=-0.657 tadpole=fail n_D3≈66.0
        B=[[-1, -1, -2, 3, -2, -1, -2, 0, -3, -3, -3, -1, -1, 1, 0, 0, 0, 2, 2, -3, 1, -1, -2, -2, -2, 3, 3, 0], [-2, -1, -2, 3, -3, -3, 1, -3, 3, -3, 0, 3, -3, 0, 0, 0, 2, 0, 0, 3, -3, -1, -2, -2, -1, -2, 3, -2], [-1, 1, -2, 3, 0, -2, 0, -2, 3, 3, -1, 0, -3, -3, 1, 3, 2, 3, 2, 0, 3, -3, 2, 3, 2, 2, -3, 2], [3, 3, 3, -3, -2, 3, 3, 2, 0, 1, 3, 3, 1, -2, 0, -1, -2, 3, 2, 0, 3, 3, 3, 1, -1, -2, 1, 1], [3, -4, 1, -6, 6, 4, -4, 0, -6, 5, 4, -4, 7, 3, -2, -3, 0, -8, -5, -2, -7, 3, -4, 0, 0, -3, -7, -2]]
        C=[[2, -2, -2, 0, -1, 1, -2, -3, -3, 3, 3, 1, 1, -1, -1, -1, 2, 0, 1, -2, -3, 1, -3, 0, -2, -2, -3, -1]]
  [ 31] config=(5,1) χ=-3 margin=-9.3923 vol=1.172 tadpole=fail n_D3≈66.0
        B=[[-2, -3, 0, 0, -2, -3, 1, -1, 2, 0, 1, -3, -1, -1, -3, 0, -2, -2, -1, 3, -2, 1, 1, 0, 3, -3, 1, 0], [-2, 3, -1, -2, -3, 2, 0, 2, 1, 0, 0, -1, 0, 0, 0, -2, 1, 2, 1, 2, 0, 3, 3, -1, 0, 3, -3, 2], [-2, 3, 2, 3, -1, -3, -1, 3, -2, -3, 1, 3, 0, 0, -3, 3, -3, 1, 3, 0, 0, 0, -1, -2, 0, -2, 2, 3], [3, -1, 3, -3, -2, 0, -3, 0, 3, 1, 2, -1, 1, 1, 3, 0, -3, -3, 2, 1, -3, 0, 3, -2, 2, -1, 1, 1], [2, -3, -6, 2, 5, 6, 5, -1, -4, 4, -3, 3, 1, 2, 4, -4, 4, -1, -8, -9, 7, -7, -8, 3, -8, 6, -1, -5]]
        C=[[-1, -1, -2, 0, -3, 2, 2, 3, 0, 2, 1, 1, 1, 2, 1, -3, -3, -3, -3, -3, 2, -3, -2, -2, -3, 3, 0, 1]]
  [ 32] config=(5,1) χ=-3 margin=-761.9281 vol=110161.657 tadpole=fail n_D3≈66.0
        B=[[2, -3, -1, 0, 2, 3, 0, 2, 1, 1, 2, -2, -3, 0, -3, 2, -1, -3, 0, 0, 3, 1, 3, 1, -2, 0, -3, 3], [2, 2, -3, 1, 3, -3, 2, 2, -1, -2, -1, -3, 2, -1, -1, -2, 0, -1, -1, 2, -2, 3, -1, 3, -1, 1, -2, 2], [3, 3, -2, 1, -1, -2, -2, 2, 0, 1, 1, -1, -2, -2, 3, 3, 2, 2, 0, 2, 1, -2, -1, -1, -3, -3, -3, -1], [-1, -3, -2, -3, -3, -1, -2, 3, -3, 3, 2, -2, -2, -1, 0, 3, 1, 2, 1, 2, 0, -3, 3, -1, 2, 0, 0, -3], [-3, 4, 5, 3, 0, 0, -1, -12, 2, -6, -5, 5, 2, 1, 0, -8, -3, 2, 1, -8, -3, -2, -1, -2, 4, -1, 11, -2]]
        C=[[3, 3, -3, 2, 1, -3, -3, -3, -1, -3, -1, -3, -3, -3, -1, -2, -1, 2, 1, -2, -1, -3, 3, 0, 0, -3, 3, -1]]
  [ 33] config=(5,1) χ=+3 margin=-215581610908310634496.0000 vol=512740605330349582118700449792.000 tadpole=fail n_D3≈66.0
        B=[[-3, -2, 3, -3, 2, -3, -2, -1, -2, -3, 1, -3, -3, -2, -3, 1, -3, 3, 2, 0, 2, 1, 1, -1, 2, -3, -2, -2], [1, -2, 1, 0, -2, 0, 3, 0, -2, -3, 2, 1, -2, -1, -1, 0, 3, 3, -2, 3, -1, 2, 2, -1, 0, 1, -1, -1], [0, 2, 1, -1, -3, 1, -1, 1, 3, -3, -1, 2, 1, -1, 3, 3, 0, 1, 2, -3, -1, 3, -1, -1, 1, -2, 3, -1], [3, 1, -2, 0, -3, -3, 3, 3, 3, 1, 0, 1, 0, 0, 0, -1, -1, 1, -2, 2, 0, -3, 2, 0, -1, -2, 0, -1], [-4, 1, -3, 3, 9, 5, 0, -6, 0, 5, 0, 0, 6, 6, 0, -6, 4, -11, -3, 1, -2, -6, -1, 2, -1, 7, 3, 6]]
        C=[[-3, 0, 0, -1, 3, 0, 3, -3, 2, -3, 2, 1, 2, 2, -1, -3, 3, -3, -3, 3, -2, -3, 3, -1, 1, 1, 3, 1]]
  [ 34] config=(5,1) χ=+3 margin=-1.3267 vol=-1.329 tadpole=fail n_D3≈66.0
        B=[[1, -3, 2, -1, 1, -3, 2, 1, 2, -1, 0, -3, 2, 1, 1, 1, -3, -2, -1, 0, -1, 1, 3, 0, -1, -2, -3, 1], [3, 3, 2, 0, -3, -3, 1, -2, 2, -3, 1, 3, 0, 2, -2, -1, -1, 1, 1, 2, -2, 1, -3, 1, -2, -1, 2, -3], [0, -2, 1, 0, 1, 0, -1, 2, -2, 0, 2, 0, -1, -2, 3, 0, -1, -1, -3, 3, 0, 2, -2, -2, -1, 0, 0, -1], [0, 3, 2, 1, -2, -2, -3, -2, -2, -2, 1, 0, 0, 0, 2, 3, 3, 1, -2, -1, -3, -1, -1, 3, 3, 2, 0, 3], [-1, -3, -7, 1, 1, 10, 1, 0, -2, 6, -1, -1, -1, -4, -7, -1, 5, 0, 5, -1, 8, -6, 2, -1, -1, 4, 1, 2]]
        C=[[3, -2, 0, 1, -2, 2, 0, -1, -2, 0, 3, -1, 0, -3, -3, 2, 3, -1, 0, 3, 2, -3, -1, 1, -2, 3, 0, 2]]
  [ 35] config=(5,1) χ=+3 margin=-0.8122 vol=0.087 tadpole=fail n_D3≈66.0
        B=[[0, 1, -2, 1, -1, -3, -1, -1, 1, -3, -2, -3, -1, -1, -1, 0, -3, -3, 2, -2, -2, 3, 2, 0, 1, -2, 2, -3], [1, 3, 1, 0, -1, 1, -1, -2, 1, 1, 2, -3, 3, 3, 2, 3, 3, 1, 1, -1, -1, -2, 0, 2, 3, 1, 2, -3], [3, -1, -1, -1, 3, 2, 1, 2, -2, -2, -1, 3, 3, -3, 1, -1, 0, -2, 1, -1, -1, -1, 2, -1, -3, 3, -1, 1], [-1, -3, 3, 2, 2, 3, -2, 1, 3, -1, 3, -2, -3, -1, 0, 0, 1, 2, 1, -3, 1, 0, -3, 2, -3, 2, -2, -1], [0, 3, 2, 1, -4, -6, 0, 1, -6, 6, 0, 7, 0, -1, 1, -5, -4, 2, -5, 8, 0, 3, -3, -1, 5, -7, 1, 4]]
        C=[[3, 3, 3, 3, -1, -3, -3, 1, -3, 1, 2, 2, 2, -3, 3, -3, -3, 0, 0, 1, -3, 3, -2, 2, 3, -3, 2, -2]]
  [ 36] config=(5,1) χ=+3 margin=-0.6309 vol=-0.754 tadpole=fail n_D3≈66.0
        B=[[-1, 3, 1, -3, -2, 1, 3, -2, 2, -1, 3, -2, 3, -1, 1, -3, -2, -3, -2, 0, 0, 2, 1, 1, 2, -2, 1, 3], [1, 1, 3, 1, 2, -2, -2, 2, -1, 3, 2, 2, 2, -3, 1, 3, -2, -2, 1, 1, 1, -1, 1, 0, 3, 1, -2, -2], [3, 3, 2, 1, 2, -2, -1, -3, -1, 3, 1, -2, -3, -1, 1, -3, 1, -1, -1, 1, -1, -2, 2, 3, 1, 1, 3, -2], [0, 2, 1, 0, 0, -1, 0, 3, -3, 0, 0, 3, 3, 3, -1, 3, 0, -2, -1, 0, -1, 0, -1, 2, 3, -2, 2, 1], [0, -12, -8, -1, 1, 4, 3, 2, 0, -4, -5, -2, -8, 5, 0, 0, 2, 8, 6, 0, 2, 2, -3, -6, -10, 3, -1, 0]]
        C=[[3, -3, -1, -2, 3, 0, 3, 2, -3, 1, 1, -1, -3, 3, 2, 0, -1, 0, 3, 2, 1, 1, 0, 0, -1, 1, 3, 0]]
  [ 37] config=(5,1) χ=+3 margin=-0.8596 vol=0.733 tadpole=fail n_D3≈66.0
        B=[[-2, -3, 0, -1, 3, 3, 3, 1, -2, 0, -2, -1, 3, 0, 3, 0, -2, 2, 3, 1, 2, 2, 2, 0, 1, 1, -3, 0], [3, 0, -1, -2, -2, -1, 0, 2, -3, 3, 3, -1, 1, 2, -3, 1, 0, -3, 1, 2, -1, 1, 3, -3, 2, -2, 0, 3], [2, 0, -1, 0, -2, 3, 0, -1, 3, -2, 1, 3, -2, 3, -2, 0, -2, -3, 1, 1, -1, 0, -3, 0, 2, -3, -1, 0], [-1, -2, -3, 2, 2, 0, -3, 1, -3, -1, 1, 1, 0, 0, 3, 2, -3, 0, 2, 1, 3, -2, 3, 2, 0, 1, -2, -2], [-4, 4, 6, 2, -4, -6, -2, -4, 6, 0, -5, 1, -4, -7, -4, -6, 6, 6, -6, -6, -4, 1, -4, 3, -2, 6, 5, -4]]
        C=[[-2, -1, 1, 1, -3, -1, -2, -1, 1, 0, -2, 3, -2, -2, -3, -3, -1, 2, 1, -1, -1, 2, 1, 2, 3, 3, -1, -3]]
  [ 38] config=(5,1) χ=-3 margin=-14023920113214286.0000 vol=-123018525483179878383616.000 tadpole=fail n_D3≈66.0
        B=[[3, -1, 3, -1, 3, -1, -2, 1, 3, 2, 3, 0, 2, 1, -2, 0, 3, 1, 1, 2, -1, 1, -3, -2, 1, 3, 1, -2], [-1, 1, 2, 0, 3, 0, 0, 0, 2, -2, 2, -1, -3, 0, 3, -3, 3, 0, -2, -3, -2, -1, 1, -1, -3, 2, 1, 1], [1, -2, 0, -3, -1, -3, 3, 1, -3, 0, 3, -2, 3, -1, 2, -3, -3, -1, 2, -1, 0, -1, 1, -2, -2, 1, 2, -3], [0, 1, -2, -3, 3, 0, 1, -1, -3, 2, -3, -3, 2, -1, -3, 0, 2, -2, 2, 2, -1, 3, -3, -1, -1, 3, 0, 3], [-5, 3, 0, 4, -11, 7, 1, 1, -2, -3, -7, 9, -5, 1, 0, 5, -2, 1, -5, 2, 5, 1, 2, 8, 2, -8, -1, -2]]
        C=[[-2, 2, 3, -3, -3, 3, 3, 2, -3, -1, -2, 3, -1, 0, 0, -1, 3, -1, -2, 2, 1, 3, -2, 2, -3, 1, 3, -3]]
  [ 39] config=(5,1) χ=-3 margin=-0.5325 vol=-1.182 tadpole=fail n_D3≈66.0
        B=[[-1, 3, 2, 3, 3, 2, 3, 3, 3, 2, -3, 2, -2, 3, 1, 2, 2, 1, 0, -2, -1, -3, 0, 2, -3, 2, 3, -2], [3, -1, 1, -3, -3, 1, 0, 3, -2, 2, -1, 0, -3, 1, -2, 0, 0, -2, 2, 3, -3, -1, 0, -1, 2, -1, 1, 3], [-3, 0, 2, 3, 3, 1, 1, -3, 1, 3, 1, -2, -2, 1, -1, 3, -2, 1, 0, 0, 1, 3, 2, -1, 1, -2, 3, 1], [2, -3, -2, -3, -2, -1, -2, -2, -2, 1, 1, -3, -2, -2, -2, 2, 2, -1, 1, 2, 1, 1, 0, 2, 2, -1, 0, 0], [-2, 3, -5, -1, -4, -4, 1, -2, 0, -6, 1, 3, 7, -3, 6, -7, -2, 2, -5, -1, 5, -3, -2, -3, -5, 0, -8, -2]]
        C=[[-1, 2, -2, -1, -3, -1, 3, -1, 0, 2, -1, 0, -2, 0, 2, 0, 0, 1, -2, 2, 3, -3, 0, -1, -3, -2, -1, 0]]
  [ 40] config=(5,1) χ=-3 margin=-5.3471 vol=5.043 tadpole=fail n_D3≈66.0
        B=[[-1, -2, 3, 3, 2, 0, -1, 3, 0, 1, 2, 2, 2, -2, -3, -1, 0, -3, -3, 2, 1, 0, 0, 2, -2, -2, 3, 0], [1, 0, -1, 1, -1, 0, 1, 1, -3, 3, -1, 1, 0, 1, -1, -3, -3, 0, 3, 0, 3, -2, 3, -3, 2, 0, -2, -1], [-2, 1, -3, 1, 0, -3, -1, 1, 1, 2, 1, -2, -2, -2, -2, 3, -2, 0, -3, 1, 1, -3, 3, 0, -2, 1, 1, -3], [3, -1, -3, 3, 1, 2, -3, 1, 0, 3, 0, -1, -2, 0, -2, -1, 2, 3, -2, -2, 1, 1, -3, 1, -2, -2, -2, -2], [-2, -1, 6, -10, -1, 2, 5, -4, 3, -11, -4, 2, 2, 4, 5, 1, 0, 2, 7, -2, -3, 6, -2, -2, 5, 1, 0, 3]]
        C=[[-1, -3, 2, -2, 1, 1, 1, 2, 1, -2, -2, 2, 0, 1, -3, -1, -3, 2, 2, -1, 3, 2, 1, -2, 1, -2, 0, -3]]
  [ 41] config=(5,1) χ=-3 margin=-7.8326 vol=-2.883 tadpole=fail n_D3≈66.0
        B=[[-2, 1, 2, -3, 0, 2, 2, -2, -2, -1, 2, -3, -3, 1, 1, -1, 1, 3, 2, 0, 0, 0, -2, -3, -2, 1, 2, 2], [3, 3, -3, -3, 2, -2, 2, 2, 1, 0, -3, -1, 3, 0, -2, -3, -1, 0, -2, 0, 2, 1, -1, 0, 0, -2, 3, 1], [-1, -1, -1, 1, 0, -2, -2, 2, -3, 2, 3, 0, 0, -1, 2, -3, -2, 3, 0, -1, 2, -2, 2, -1, 0, -1, -2, -1], [1, -2, -3, -3, 2, 0, 3, -1, -2, 1, 0, -2, 3, -1, 1, 0, 3, 1, 0, 1, -2, 2, -1, -3, 0, 1, 0, -1], [1, 2, 8, 10, -7, 0, -4, 2, 3, -1, 1, 8, -1, 1, -3, 5, 1, -9, -3, -3, -5, -2, 3, 10, 5, 0, -6, -3]]
        C=[[2, 3, 3, 2, -3, -2, 1, 3, -3, 1, 3, 2, 2, 0, -1, -2, 2, -2, -3, -3, -3, -1, 1, 3, 3, -1, -3, -2]]
  [ 42] config=(5,1) χ=-3 margin=-1.0140 vol=-0.154 tadpole=fail n_D3≈66.0
        B=[[3, -1, 1, -3, 3, 3, 2, -3, 0, 0, -3, -3, -1, 3, -2, 0, -1, 1, -1, 2, 0, 2, -2, -2, -1, -1, 2, 3], [0, -2, -1, 3, -2, -3, 3, 2, -3, -1, 0, 2, -1, 0, 3, 2, 2, -1, -3, 2, 3, -2, -2, -1, 3, 0, 1, 3], [0, -2, -3, -3, 2, -1, 3, -1, -1, 0, 1, 3, -1, -2, 3, 0, 2, 1, 3, 0, 0, 0, -2, -1, 3, 1, 1, 3], [0, 3, 1, 0, 1, 1, 0, 2, 2, 3, -2, 1, 1, 3, -1, 3, 3, -3, -3, 2, 1, -3, 0, 1, 1, -1, 1, -3], [0, 3, -1, 4, -3, 2, -7, 3, 4, -2, 6, -4, 1, -4, -3, -8, -4, 3, 7, -8, -5, 5, 4, 3, -6, 1, -7, -3]]
        C=[[3, 1, -3, 1, 1, 2, 1, 3, 2, 0, 2, -1, -1, 0, 0, -3, 2, 1, 3, -2, -1, 2, -2, 0, 0, 0, -2, 3]]
  [ 43] config=(5,1) χ=-3 margin=-2.0969 vol=0.280 tadpole=fail n_D3≈66.0
        B=[[-3, -2, -2, -3, 0, -2, 2, -1, 2, 3, 1, 3, 1, 3, -2, 2, 3, -3, 3, -3, 1, 1, -2, 1, 0, -1, -1, 1], [0, -1, -2, 0, 0, 2, 3, 3, -2, 3, -2, -3, -2, -1, 0, -1, 1, 2, 0, 3, -2, 0, 2, 0, 1, 0, -3, -1], [-3, 0, -3, -1, 1, 0, 1, -2, 1, -2, -2, 0, -3, 0, 0, 3, 1, -2, -1, 2, -2, -3, 1, 2, 2, -2, -2, -2], [3, -3, 2, 2, 2, 3, 0, -3, 3, -2, 2, -3, 0, 3, -3, -3, 3, -3, 2, 2, 1, 2, 0, 1, -3, -2, 0, -2], [2, 7, 5, 5, -3, -2, -8, 5, -7, 0, 1, 2, 3, -2, 5, -3, -9, 9, -1, -5, -1, 2, -4, -5, -2, 6, 8, 4]]
        C=[[-1, 1, 0, 3, 0, 1, -2, 2, -3, 2, 0, -1, -1, 3, 0, -2, -1, 3, 3, -1, -3, 2, -3, -1, -2, 1, 2, 0]]
  [ 44] config=(5,1) χ=+3 margin=-10.8274 vol=-4.106 tadpole=fail n_D3≈66.0
        B=[[-1, -3, 1, 1, -2, 2, 1, -1, 1, -3, -1, -2, 3, 0, 3, 0, 2, 1, 3, 3, -2, -2, 2, 2, 2, -2, -3, 0], [2, -2, 1, -1, 0, 3, 2, 3, -3, -2, -3, -2, 0, 2, 3, 2, 2, 0, 1, -1, -2, 0, 0, -2, 3, 2, 3, -2], [-1, 3, -2, -2, -2, -2, -3, -3, 0, 1, -3, -2, 3, -1, 2, 0, 0, 1, -1, 3, -1, -1, 0, -3, -1, -3, 3, 3], [2, 3, -1, 1, 2, 0, 1, 3, 0, 3, -1, 0, 1, 1, -3, 3, 2, 3, -1, 0, 0, -2, -2, -2, 2, 3, 3, -3], [1, 2, 1, 1, 5, -1, 0, -4, 2, 4, 6, 3, -4, -1, -5, -7, -4, -6, 0, -7, 6, 6, 2, 3, -6, -2, -3, 0]]
        C=[[3, 3, 0, 0, 3, 2, 1, -2, 0, 3, -2, -3, 3, 1, 0, -2, 2, -1, 2, -2, 1, 1, 2, -2, 0, -2, 3, -2]]
  [ 45] config=(5,1) χ=-3 margin=-7.6786 vol=7.788 tadpole=fail n_D3≈66.0
        B=[[3, -3, 3, -1, 2, 1, 1, 0, 2, -3, -2, -3, 2, 0, 3, 0, 1, -1, 1, -1, 1, 1, 1, 0, 0, 3, -3, 2], [1, -1, 2, 3, -3, 1, 2, 3, -1, 1, 1, 0, -2, -3, -3, -2, 2, 2, 3, -2, -3, 0, -3, -2, 1, 2, -3, -1], [-3, 2, -1, 0, -1, 3, 3, 1, 3, 1, 3, 1, -1, -3, -2, -3, 2, 0, 2, -1, -1, -2, 3, 0, 1, 2, 1, -1], [2, 0, -2, -2, 0, 3, 2, 0, 0, -1, 0, 0, 2, 1, -2, 2, 0, -3, -3, -3, 2, 3, -3, -1, -1, 1, -2, 2], [-6, 5, 0, 1, -1, -6, -9, -6, -2, 4, -2, 4, -1, 8, 4, 1, -6, 2, -3, 8, 2, -5, 5, 5, 2, -7, 8, -1]]
        C=[[-3, 3, 2, 1, -3, 2, -1, -2, 2, 2, 0, 2, 0, 3, 0, -2, -1, 0, 0, 1, 1, -3, 3, 2, 3, 1, 1, 1]]
  [ 46] config=(5,1) χ=+3 margin=-0.8308 vol=0.163 tadpole=fail n_D3≈66.0
        B=[[-3, 2, -3, -3, 1, -3, 0, 2, 3, 2, -3, 1, 0, 2, 3, -3, -2, 3, -2, 1, 3, -3, 2, -1, -2, -1, -3, -2], [-3, -1, 2, -3, -3, 0, -3, 2, -3, -1, 3, -3, -2, -1, 1, 2, -3, 0, 3, -1, -1, 1, -1, 0, 2, 2, -1, 2], [0, -2, -3, 3, 0, 1, -3, 3, 2, 0, -3, 1, 1, -1, -2, 3, -3, 0, 0, -3, 2, 0, -1, 0, 0, 0, 0, 0], [0, -3, -1, -1, 3, 2, -2, -3, 3, -3, -2, 2, 3, 2, 0, -1, 3, -2, 1, 0, -1, 0, -2, 1, 1, 2, 1, -1], [5, 2, 3, 4, 2, -1, 10, -4, -4, -1, 8, -1, 1, -5, -5, 2, 3, -2, 0, 3, -2, 4, 4, -2, -3, 0, 2, 1]]
        C=[[-1, -2, -2, 0, 3, -1, 2, 0, 1, -3, 3, 0, 3, -3, -3, 3, -2, -1, 2, 0, 1, 2, 2, -2, -2, 3, -1, 0]]
  [ 47] config=(5,1) χ=-3 margin=-4.0558 vol=1.519 tadpole=fail n_D3≈66.0
        B=[[2, 1, -2, 0, -1, -3, -3, -2, 0, -3, 2, 1, 0, 2, -2, -1, 0, 1, -3, -1, 0, -2, -1, 2, -1, 1, 2, -2], [-2, -1, 3, -3, 3, -2, -1, 3, 1, -1, -3, 0, 1, -3, -1, -2, 2, 0, 0, -2, -3, -2, -1, 0, -1, -2, 3, -2], [-3, -3, -3, -3, 0, -1, 1, -2, 0, -2, -2, 3, 0, -2, -1, 2, 2, 3, -1, 3, 3, -3, 3, 0, -2, -2, 1, 1], [-3, 3, -3, -3, 1, -3, 1, -3, -1, 3, 3, -3, 3, 2, -2, -2, -2, -3, -1, 0, 1, 3, 0, 2, 2, 0, -1, 3], [4, 2, 5, 9, -1, 8, 5, 5, -2, 2, 2, -3, -2, 1, 7, 1, 1, 0, 5, -1, -2, 2, 1, -7, 0, 4, -4, 1]]
        C=[[-2, 2, 0, 0, 2, -1, 3, 1, -2, -1, 2, -2, 2, 0, 1, -2, 3, 1, 0, -1, -1, -2, 2, -3, -2, 1, 1, 1]]
  [ 48] config=(5,1) χ=+3 margin=-0.2865 vol=2.509 tadpole=fail n_D3≈66.0
        B=[[-3, 0, 2, -3, -2, -2, -2, 1, 0, -2, -2, 3, -1, 0, -1, 1, 0, 3, -1, 2, 1, -2, 0, 0, 0, 2, -1, 2], [0, 0, 2, 1, 3, 3, 3, -3, -1, 0, -1, 2, 2, 2, 1, -1, 2, -1, 1, 1, -2, -3, -2, -1, -1, 2, 1, -1], [-3, 0, -2, 2, -1, 2, -1, 2, 2, 0, -1, -2, 1, -1, -3, -2, -1, -1, -2, -3, -2, 2, -3, -2, 3, -1, -2, 0], [0, -3, 1, -3, -3, 0, -2, -3, -2, 1, -3, 0, 1, -2, -2, 0, 0, -2, 1, -1, -1, 2, -1, 3, -2, -3, -3, 3], [8, 6, -3, 6, 3, -5, 5, 4, -2, 1, 6, 0, 0, -2, 4, 0, 1, 4, -1, 0, 6, -1, 7, 0, 1, 2, 6, -4]]
        C=[[2, 3, 0, 3, 0, -2, 3, 1, -3, 0, -1, 3, 3, -3, -1, -2, 2, 3, -2, -1, 2, -2, 1, 0, 1, 2, 1, 0]]
  [ 49] config=(5,1) χ=-3 margin=-0.2032 vol=-0.021 tadpole=fail n_D3≈66.0
        B=[[-3, 2, -2, 0, 0, -2, -2, 3, -3, 3, 2, -2, -3, -1, 2, -1, 0, -1, -1, -1, -3, 0, -1, 2, 1, -3, 2, -2], [-3, -2, -3, 2, -2, 1, 2, 3, 0, 3, -2, 2, 2, 1, 2, -3, 1, 2, 0, 0, -3, -2, -2, 0, 1, -3, 2, -1], [3, 3, 2, 2, 3, -2, 3, -3, -1, 1, -2, 1, 3, 3, -3, 0, 3, 2, 0, -1, -1, -3, -3, -1, 2, 0, -2, 0], [-1, 2, 3, -2, -2, -2, 1, -3, 3, 2, 3, 0, 3, -3, 1, 3, 0, -1, 2, -3, 2, -1, -3, -2, -2, 1, -2, -3], [7, -2, 1, 0, -1, 6, -1, -3, 1, -6, -2, -3, -2, 3, -1, 3, -4, -5, -1, 8, 4, 6, 7, 1, -1, 6, -2, 7]]
        C=[[3, 3, 1, 2, -2, 1, 3, -3, 0, 3, -1, -2, 3, 3, 1, 2, 0, -3, 0, 3, -1, 0, -2, 0, 1, 1, -2, 1]]
  [ 50] config=(5,1) χ=+3 margin=-2.9903 vol=-0.428 tadpole=fail n_D3≈66.0
        B=[[1, 2, 0, 3, -1, -2, 2, -3, 3, 2, -1, 1, 2, -2, -3, 1, -2, 1, 1, -3, -2, -3, 1, 0, -3, 1, 3, 2], [-2, 0, 1, -3, 1, 2, -3, 1, -3, -2, -2, 3, 1, 2, -1, 2, 2, -1, 3, -3, 2, 0, 3, 2, -2, 3, 1, -2], [2, -2, 3, 1, 1, 1, 2, 0, 2, -1, -1, -1, 0, 3, 2, 0, -3, -3, 3, -2, -3, 0, 3, -2, -1, 3, -2, 0], [-1, -3, -3, 2, -3, -1, -3, -2, -1, 2, -2, -3, -1, 1, -3, 1, 3, -2, -1, -3, -1, -2, -3, 3, -1, -2, -1, 2], [1, 0, -4, -1, 2, 0, -1, 5, 0, -1, 8, -3, -4, -1, 6, -3, 3, 6, -9, 11, 5, 8, -3, -2, 9, -6, -1, -2]]
        C=[[1, -3, -3, 2, 0, 0, -3, 1, 1, 0, 2, -3, -2, 3, 1, 1, 3, 1, -3, 0, 1, 3, 1, 1, 2, -1, 0, 0]]
